CA_1_FOODS_1
CA_1_FOODS_2
CA_1_FOODS_3
CA_1_HOBBIES_1
CA_1_HOBBIES_2
CA_1_HOUSEHOLD_1
CA_1_HOUSEHOLD_2
CA_2_FOODS_1
CA_2_FOODS_2
CA_2_FOODS_3
CA_2_HOBBIES_1
CA_2_HOBBIES_2
CA_2_HOUSEHOLD_1
CA_2_HOUSEHOLD_2
CA_3_FOODS_1
CA_3_FOODS_2
CA_3_FOODS_3
CA_3_HOBBIES_1
CA_3_HOBBIES_2
CA_3_HOUSEHOLD_1
CA_3_HOUSEHOLD_2
CA_4_FOODS_1
CA_4_FOODS_2
CA_4_FOODS_3
CA_4_HOBBIES_1
CA_4_HOBBIES_2
CA_4_HOUSEHOLD_1
CA_4_HOUSEHOLD_2
TX_1_FOODS_1
TX_1_FOODS_2
TX_1_FOODS_3
TX_1_HOBBIES_1
TX_1_HOBBIES_2
TX_1_HOUSEHOLD_1
TX_1_HOUSEHOLD_2
TX_2_FOODS_1
TX_2_FOODS_2
TX_2_FOODS_3
TX_2_HOBBIES_1
TX_2_HOBBIES_2
TX_2_HOUSEHOLD_1
TX_2_HOUSEHOLD_2
TX_3_FOODS_1
TX_3_FOODS_2
TX_3_FOODS_3
TX_3_HOBBIES_1
TX_3_HOBBIES_2
TX_3_HOUSEHOLD_1
TX_3_HOUSEHOLD_2
WI_1_FOODS_1
WI_1_FOODS_2
WI_1_FOODS_3
WI_1_HOBBIES_1
WI_1_HOBBIES_2
WI_1_HOUSEHOLD_1
WI_1_HOUSEHOLD_2
WI_2_FOODS_1
WI_2_FOODS_2
WI_2_FOODS_3
WI_2_HOBBIES_1
WI_2_HOBBIES_2
WI_2_HOUSEHOLD_1
WI_2_HOUSEHOLD_2
WI_3_FOODS_1
WI_3_FOODS_2
WI_3_FOODS_3
WI_3_HOBBIES_1
WI_3_HOBBIES_2
WI_3_HOUSEHOLD_1
WI_3_HOUSEHOLD_2
